81,13,8,(187,9,5),(104,18,2),(169,5,3),(126,8,5),(145,22,4),(154,10,1),(140,14,2),(137,15,5)
60,13,7,(156,24,1),(107,7,4),(174,19,5),(154,14,2),(159,14,4),(120,18,4),(111,22,4)
77,17,8,(112,20,3),(199,17,3),(179,21,4),(193,19,5),(179,24,5),(188,18,3),(135,16,3),(140,18,3)
63,12,13,(152,25,2),(144,20,3),(180,16,5),(115,6,1),(125,13,2),(108,23,5),(118,12,2),(138,25,1),(148,22,5),(152,11,4),(149,8,4),(136,20,1),(143,24,1)
54,19,10,(107,18,4),(171,5,3),(163,9,5),(139,25,5),(156,9,4),(148,20,1),(146,10,4),(124,5,1),(182,7,5),(118,24,1)
90,14,13,(170,14,5),(137,5,3),(159,22,3),(189,12,5),(162,5,1),(147,23,5),(110,13,5),(194,10,3),(128,22,1),(110,20,5),(161,7,3),(136,6,3),(132,8,3)
61,12,12,(197,10,5),(160,15,4),(194,14,3),(118,11,3),(185,11,2),(160,22,1),(103,9,3),(177,13,5),(154,6,5),(195,5,1),(131,5,4),(192,23,4)
82,13,7,(137,24,2),(110,23,2),(191,14,3),(121,24,4),(122,24,5),(110,12,5),(191,13,4)
99,15,15,(159,10,5),(151,18,1),(135,23,3),(118,24,4),(177,13,5),(107,20,5),(115,7,1),(173,17,5),(166,25,4),(123,25,3),(180,11,4),(173,11,1),(156,12,1),(179,10,2),(196,5,2)
52,12,6,(197,24,4),(165,17,2),(101,25,1),(139,11,5),(141,7,2),(128,7,1)
86,18,13,(187,10,4),(179,9,1),(137,6,4),(140,11,2),(114,13,1),(196,25,1),(155,13,5),(135,25,1),(150,16,2),(129,13,1),(148,10,3),(135,25,2),(152,19,2)
62,13,8,(127,14,4),(157,8,5),(125,11,2),(184,14,5),(117,7,4),(162,11,4),(167,16,1),(182,20,2)
96,16,11,(144,11,2),(200,11,4),(150,18,4),(199,15,5),(148,22,4),(155,8,1),(109,7,2),(192,14,2),(178,12,1),(176,24,1),(175,23,3)
77,11,8,(172,12,4),(163,18,1),(173,17,2),(133,10,4),(149,13,2),(139,18,3),(121,5,1),(158,24,2)
52,11,14,(175,7,3),(127,21,3),(118,20,4),(101,17,5),(156,18,5),(125,6,5),(107,16,2),(154,23,3),(137,17,2),(165,17,2),(164,25,2),(140,5,4),(192,23,3),(107,8,4)
99,12,9,(119,6,5),(141,13,2),(149,15,2),(192,21,2),(136,19,5),(146,5,4),(187,24,5),(102,20,4),(180,11,1)
66,19,7,(198,16,1),(165,8,5),(141,19,1),(197,20,3),(192,21,5),(130,25,3),(126,22,1)
97,16,7,(114,19,3),(160,13,5),(121,7,1),(147,9,1),(131,23,1),(113,20,3),(190,22,4)
55,12,9,(141,11,1),(169,12,1),(124,17,4),(127,13,4),(146,16,5),(154,13,1),(100,14,4),(117,24,3),(197,17,5)
96,11,8,(100,14,1),(137,22,4),(119,13,3),(170,15,5),(172,24,5),(138,13,5),(187,8,1),(135,25,5)
90,10,7,(136,7,4),(187,13,1),(105,13,4),(169,16,1),(175,19,4),(137,20,5),(134,6,1)
53,19,5,(115,5,2),(105,15,4),(106,6,4),(100,8,3),(127,22,3)
60,17,9,(190,20,3),(107,5,2),(125,9,3),(104,20,1),(161,20,5),(193,10,5),(176,22,5),(178,22,5),(143,25,4)
57,18,7,(187,13,4),(161,22,3),(178,13,2),(170,11,4),(184,10,3),(114,22,4),(178,8,5)
59,15,10,(143,11,2),(113,14,1),(126,22,5),(199,20,1),(163,8,4),(168,8,2),(153,21,3),(103,13,5),(162,17,1),(183,20,3)
57,10,6,(120,9,1),(160,17,2),(143,22,2),(125,22,3),(192,23,1),(159,20,4)
83,16,15,(163,15,5),(194,22,2),(153,20,1),(173,10,2),(107,9,1),(183,11,3),(124,22,4),(131,15,2),(106,5,5),(136,16,4),(155,16,4),(123,20,2),(172,15,3),(111,13,2),(200,15,5)
76,16,15,(185,14,2),(165,10,2),(103,5,4),(146,19,3),(121,5,5),(117,11,2),(101,18,5),(195,11,2),(116,25,2),(195,24,4),(104,24,2),(146,19,1),(197,18,2),(149,14,4),(101,23,1)
69,19,15,(164,14,2),(105,19,3),(123,17,5),(178,16,2),(156,21,2),(115,18,4),(113,6,3),(121,13,4),(133,14,2),(180,15,5),(140,8,2),(191,10,5),(138,15,2),(115,18,3),(178,13,2)
95,19,6,(112,24,1),(182,10,4),(133,15,5),(108,16,2),(115,23,1),(146,7,5)
